178
 920
 397
 671
 501
 535
 950
 885
 866
 813
 373
 870
 762
 423
 428
 804
  51
 767
 514
  48
  40
 602
 955
 184
 517
 639
 945
 612
 308
 285
  46
 223
 574
 779
 487
 996
 384
 928
 379
 301
 691
  38
 736
 368
 127
 378
 599
 598
   1
  13
 442
 427
 569
 968
 927
 289
 245
 434
 372
 645
 165
 123
 530
 597
  91
 678
 543
 703
  14
 784
 243
 144
 363
 707
  82
 500
 294
 250
 160
 284
 261
 740
 834
 326
 743
  56
  19
 573
  99
 987
 974
 670
   6
  64
 559
 519
 254
 305
 376
 192
 677
 440
 456
 999
 234
 171
 140
 595
 366
 842
 637
 871
 791
 997
 700
 854
 116
 719
 694
 777
 115
 188
 900
 857
 431
 248
 551
  33
 649
 157
 312
 511
 394
  10
 963
 849
 352
  54
 496
 402
 331
 666
 510
 565
 827
 884
 554
 219
 773
 617
 967
 307
 455
 310
 839
 369
 969
 239
 722
 449
 175
   3
 681
  60
 374
 273
 392
 227
 770
 306
  81
 702
 320
 232
 479
  42
 954
  65
 507
 133
 526
 480
 318
 557
 483
 915
 803
  11
 334
 934
 314
 353
 356
 823
 495
 944
 332
 142
 558
 391
 172
 575
 958
 143
 826
 758
 303
 563
 830
 896
 714
 567
 349
 872
 135
 882
 724
 476
 180
 651
 406
 852
 108
 751
 753
 382
 453
  43
 986
 126
 106
 221
 435
 590
  47
 361
 398
 616
 580
 520
 635
 747
 296
 660
 295
 717
 161
 389
  27
 419
 302
 620
  89
  58
 451
 347
 121
  98
 668
 701
 615
 518
 395
  94
 512
 867
 222
 130
 712
  63
 275
 194
 207
 129
 713
 128
 528
 698
 215
 439
 593
 868
 684
 465
 755
 624
 845
 636
 139
 499
 214
 899
 181
 478
 910
 731
 251
 759
 875
 268
 416
 748
 922
 405
 883
 802
 247
 962
 831
 461
 726
 113
  24
 835
 176
 841
 375
 976
 218
 174
 876
 715
 381
 734
 812
 998
 489
 911
  70
 297
  16
 491
 409
 716
 608
 255
 844
  20
  67
 212
 324
  75
 411
 102
 537
 805
 100
 367
 710
 760
 272
 553
 902
1000
 973
 682
 692
 728
 443
 413
 796
 992
 290
   9
  35
 991
 672
 444
 545
 216
 892
 447
 790
 641
  88
  96
 390
 125
 904
 873
 238
 103
 814
 319
 523
 265
 592
 546
 693
 865
 874
 498
 644
 531
 336
  73
 220
 709
 801
 298
 508
 141
 420
 464
 521
 249
 938
 664
 995
 473
 158
 918
 120
 811
 540
  85
  74
 494
 623
 718
 258
 210
  69
 516
  93
 199
 674
 901
 840
 756
 772
 579
 198
 231
 626
 486
 572
 338
 271
  77
  61
 242
 856
 643
 466
 112
 975
 425
 655
 679
  59
 452
 525
 907
 653
 764
 327
 947
 186
 633
 474
 182
 669
 552
 335
 676
 257
 732
 889
 742
 341
 278
 877
  50
 292
 170
 696
 167
 881
 321
 492
 377
 778
  68
 399
 729
 965
 541
  30
 213
 225
 458
 627
  21
  25
 412
  92
 564
 621
 988
 134
 794
 837
 131
 763
 371
 438
 978
 652
 149
 689
 981
 315
 426
 792
  39
 469
 577
 200
 961
 765
 983
 589
 280
 533
 457
   5
 148
 230
 824
 946
 586
 737
 454
 746
 776
 342
 980
 355
 733
 912
 832
 467
 472
 299
 603
 930
 211
 783
 350
 515
 745
 923
 313
 959
 114
 208
 769
 561
 138
 323
 730
 380
 850
 588
 429
 233
 640
 462
 846
 252
 145
 977
 970
  87
 253
 863
 504
 937
 771
 665
 979
 606
 933
 235
 468
 607
 539
 414
 506
  72
 163
 906
 475
 646
 224
 386
 195
 628
 415
 663
 505
 345
 513
 898
 699
 708
 560
 951
 571
 820
 503
 631
 667
 860
 924
  62
 544
 383
 859
 151
 360
 309
 821
  34
 196
 202
 201
 509
 490
 985
 914
  23
 940
  31
 903
 329
 611
 625
 739
 622
 488
 396
 153
 685
 433
 417
 879
 283
 966
 919
 147
 150
  44
 244
 658
 229
 459
 293
 810
  71
 659
 209
 697
  84
 122
 816
  57
 450
 711
 548
 422
 815
 721
 931
 766
 437
 432
 848
 971
 311
 943
 264
 555
 542
 556
 785
 246
 107
 632
 344
 878
 855
 858
 853
 905
 351
 806
 648
 949
 266
 576
 362
 538
 568
 591
 686
 964
 738
 403
 650
 629
 203
 793
 942
 471
 287
 662
 550
 547
 861
 288
 828
 364
  52
  49
  78
 333
  37
 704
 578
 952
   8
 994
 110
 206
 300
 809
 169
 957
 136
 614
 281
  17
 618
 529
 173
 270
 619
 688
 936
 657
 502
 673
 948
 370
 825
 680
 916
 226
 921
 725
 240
 929
 404
 328
 797
  15
 993
 562
 259
 926
 917
 524
 304
 430
 887
 159
 354
 960
  12
 534
 787
  26
  53
 470
 891
 168
 768
 357
 600
 585
 909
 179
 274
 241
 155
 445
 146
 956
 393
 705
 152
 119
 808
 888
 359
  83
  90
  29
 798
 775
   7
 322
 706
 441
 925
 894
 690
  36
 183
 105
 137
 735
 613
 829
  79
 117
 448
 819
  86
 583
 939
 256
 325
 277
 761
 581
 605
 744
 260
 446
 780
 485
 189
 358
 279
 799
 262
 880
 757
 851
 387
 864
 263
 683
 989
  32
 286
 886
 897
 197
 935
 109
 236
  18
 481
 782
 675
 836
 630
  41
 647
 687
 582
 752
 953
 269
 400
 228
 132
 566
 642
 346
 549
 385
 941
 484
 594
 786
 838
 818
 754
  95
 656
 890
 460
 522
 282
 847
 497
 749
   4
 527
  28
  97
   2
 190
 365
 750
 862
 536
  22
 343
  66
 424
 570
 276
 795
 408
 833
 800
 781
 316
 418
 187
 154
 177
 932
 913
 984
 908
 193
 477
 124
 638
 463
 532
 482
 788
 217
 162
 205
 610
 337
 584
 101
 609
 843
 493
 407
 587
 972
 869
 330
 104
 807
  45
 774
 191
 421
 340
 893
 204
 654
 604
 634
 401
 410
 166
 436
  76
 185
 339
 118
 348
 789
 601
 661
 990
 291
 317
 111
 237
 596
  55
 720
 822
 156
 695
 723
 727
 388
 267
 164
 741
  80
 982
 817
 666
